Blog	here	music	want	how	re	best	never	life	easter	things	has	old	people	o	love	st	so	years	say	take	where	summer	world	favorite	her	am	an	as	th	really	last	fire	d	spring	be	by	up	us	video	let	great	baby	thanksgiving	off	song	beach	just	we	photo	night	post	way	was	update	p	live	can	heart	still	now	year	that	two	real	your	family	help	pictures	look	some	e	go	halloween	but	she	party	home	he	friends	ever	don	m	three	ii	if	down	weekend	finally	boy	sunday	man	rock	girl	think	first	little	black	get	morning	mom	again	fall	another	house	park	part	please	fun	big	back	random	do	la	have	like	about	school	blue	times	end	over	god	got	rain	days	too	snow	news	been	n	mother	christmas	why	trip	no	when	today	birthday	r	review	come	good	week	blog	moon	oh	or	there	friday	are	sweet	something	our	out	july	who	will	know
{ The Marshall Family }	0	0	0	0	2	0	3	2	2	3	1	0	1	0	5	1	0	3	1	0	0	1	0	0	0	1	0	0	5	0	0	2	1	3	2	0	2	1	0	0	1	3	1	0	0	0	3	6	0	2	0	0	2	1	0	0	2	0	0	0	2	0	1	0	0	3	1	0	0	0	0	2	3	0	0	2	3	2	1	1	0	0	1	0	1	0	2	2	1	0	0	1	4	1	4	8	0	0	0	3	0	0	0	0	0	2	1	6	2	0	0	4	0	2	3	1	0	0	0	0	0	0	0	0	1	1	2	0	3	0	0	4	2	3	3	1	0	7	0	0	0	3	1	0	0	3	1	0	0	3	0	0	4	1	4	1	0	0
neil storey @ storeys	0	0	0	0	1	0	0	0	0	1	1	1	0	1	3	2	1	0	0	1	0	0	1	0	0	0	0	0	0	0	1	0	1	0	3	1	2	1	0	2	0	0	0	0	1	0	1	0	0	1	0	2	0	0	0	0	1	0	0	0	1	1	0	0	4	0	0	0	0	1	0	0	0	0	0	1	1	1	0	0	1	1	0	0	0	0	0	0	0	0	1	1	0	0	0	0	0	4	0	0	0	0	0	0	1	2	0	0	0	0	0	0	0	0	2	0	0	0	0	1	1	0	0	1	1	0	0	0	0	0	0	0	0	0	0	0	0	0	0	0	0	1	0	2	0	0	1	3	0	0	0	0	0	5	0	2	1	0
dropdeadcute	2	1	1	3	0	1	0	4	0	1	2	1	1	0	1	0	2	1	0	0	0	0	0	0	0	0	2	1	0	2	2	0	4	0	3	0	2	1	9	0	0	1	0	0	0	0	4	2	1	1	1	0	1	0	0	1	2	0	0	1	1	1	0	1	3	0	1	0	1	2	0	0	0	2	0	0	1	0	0	0	6	1	0	0	2	0	0	0	0	0	0	0	0	0	2	2	1	1	0	1	3	0	2	0	0	0	0	0	2	1	0	2	0	2	0	10	1	1	2	0	1	1	0	0	0	4	0	1	0	0	0	0	5	0	3	2	1	0	1	0	1	2	1	1	0	0	3	2	0	1	0	2	1	2	1	0	0	0
Life with Kensie and Blakely	4	0	2	3	1	3	2	0	7	3	0	0	0	1	3	0	8	2	0	1	0	2	1	4	1	1	1	1	4	0	4	1	0	1	5	0	5	0	0	1	2	4	3	1	0	1	1	7	0	1	0	0	5	1	0	0	1	0	0	2	4	1	2	0	0	5	0	4	2	1	1	4	4	1	5	13	1	0	0	1	1	6	0	0	0	1	1	0	0	0	0	2	3	0	18	2	0	0	5	14	0	0	2	2	4	1	0	8	3	0	1	0	1	1	0	1	3	0	2	0	0	0	0	3	1	1	2	0	0	0	0	11	3	4	2	0	1	7	0	0	1	2	0	1	0	1	2	0	0	0	1	0	3	2	0	0	0	0
Gayle & Curt family Blog	0	0	0	0	0	0	0	3	0	0	0	1	0	0	1	0	0	1	0	0	0	1	0	0	1	0	0	2	0	0	0	0	1	0	1	1	1	0	0	0	2	1	1	0	0	3	1	1	1	1	1	1	0	1	0	0	0	0	0	0	3	0	1	0	1	2	0	1	1	0	0	1	3	0	0	2	2	1	0	0	0	0	0	0	0	0	0	0	0	0	0	0	1	0	3	0	0	0	0	0	2	0	0	1	2	0	0	5	0	0	1	3	0	1	1	0	0	0	1	0	1	0	0	0	0	0	0	0	2	0	0	0	0	3	0	1	0	2	0	0	0	0	0	0	0	0	2	0	0	0	0	0	2	3	1	0	1	0
Home Grown Home	0	0	0	0	1	0	1	2	0	1	1	0	0	0	1	0	0	0	1	0	1	1	0	0	0	0	0	0	0	0	1	2	0	2	0	0	0	0	0	0	1	0	0	2	0	0	1	2	0	0	2	0	0	0	0	0	0	0	0	0	2	1	0	1	0	0	0	0	0	0	0	1	1	0	0	1	1	2	0	1	1	1	0	0	0	0	1	0	0	0	2	1	0	0	1	2	0	0	0	1	0	0	1	0	0	1	0	0	1	2	0	0	0	0	0	1	2	0	0	0	1	0	0	2	0	0	0	0	3	0	0	2	0	0	0	1	0	12	0	0	0	0	0	1	0	0	3	1	0	0	0	0	0	4	0	0	0	0
40 Pink Piggies	1	0	0	0	0	1	0	0	2	0	2	1	0	0	6	3	2	1	3	0	0	0	0	1	5	3	1	0	4	0	3	0	0	1	2	1	1	0	0	1	6	5	1	0	0	4	6	0	2	1	2	2	0	1	0	0	5	0	1	3	2	2	0	0	0	1	1	0	0	2	0	5	1	0	1	2	2	0	0	0	0	3	0	4	0	3	2	2	4	0	1	0	8	0	1	4	0	1	1	2	2	0	1	2	1	0	0	3	4	4	0	2	0	2	0	0	1	0	0	0	0	0	1	2	3	1	1	1	1	0	0	6	0	0	3	0	1	10	0	0	1	0	1	2	0	1	5	0	1	3	3	1	5	1	2	1	3	0
Web Science and Digital Libraries Research Group	0	0	0	2	0	0	0	1	0	1	1	0	0	0	0	0	0	0	0	0	0	2	3	0	0	0	3	1	0	0	1	0	1	5	0	0	0	0	1	0	0	0	0	0	0	0	0	5	0	0	0	1	0	1	0	0	1	0	0	1	1	0	1	1	3	0	0	0	0	0	0	0	0	0	0	1	0	0	0	0	0	0	1	1	1	0	1	0	0	0	0	0	0	0	0	0	0	0	0	0	0	5	0	0	0	0	0	0	0	2	0	0	0	0	0	1	0	0	0	0	0	0	0	0	0	0	0	0	0	0	0	0	2	14	0	0	0	0	2	1	0	1	17	0	0	0	0	0	0	0	0	0	0	0	1	1	0	0
Teetering on The Edge	0	0	0	0	0	0	0	0	1	0	0	0	0	0	0	0	1	0	0	0	0	0	0	0	0	0	1	0	0	0	0	0	0	0	0	0	0	0	0	0	0	0	0	0	0	0	0	0	0	0	1	0	0	2	0	0	0	0	0	1	2	1	0	0	0	0	0	0	0	0	0	0	0	0	0	0	2	0	0	0	0	0	0	2	0	1	0	0	0	0	0	0	0	0	0	0	0	0	0	0	1	0	0	0	0	3	0	0	0	2	0	0	0	1	0	0	0	1	0	2	0	0	1	0	1	0	0	0	0	0	0	1	0	2	0	0	1	0	0	0	0	1	2	0	0	0	0	0	1	0	0	0	0	0	0	0	0	0
Piazzolla on Video	0	2	0	0	1	0	0	0	0	0	0	2	0	14	0	1	0	4	0	1	1	2	2	0	0	0	3	2	2	0	1	1	3	0	0	6	1	0	8	1	0	0	0	0	2	0	1	0	0	1	0	0	0	0	2	4	2	0	0	1	3	1	4	3	0	3	0	0	1	0	1	0	0	0	0	0	0	0	1	0	1	0	5	2	1	1	0	2	0	0	1	1	0	0	0	0	1	0	0	0	4	0	0	1	1	0	0	0	0	0	0	0	9	0	0	1	1	0	0	0	0	0	2	0	0	0	0	0	0	19	0	2	3	0	1	0	0	1	1	21	0	0	0	0	0	0	8	0	0	1	1	0	0	0	2	1	0	0
Life is Good	1	1	0	3	0	2	1	2	1	2	0	3	1	0	3	1	0	1	0	0	0	2	2	0	0	2	2	3	3	1	3	1	0	0	3	2	2	1	2	0	0	1	3	0	2	5	0	0	0	2	1	0	0	0	0	1	2	0	0	0	3	1	1	0	2	0	2	3	0	1	0	1	0	1	0	2	8	0	3	1	2	0	0	0	0	4	4	0	1	1	2	0	1	1	0	2	2	1	0	0	3	5	0	1	2	25	0	3	2	3	5	0	2	1	2	2	1	1	0	1	0	0	0	2	0	1	1	0	0	0	1	3	0	3	3	1	0	9	0	0	1	1	0	0	0	1	0	1	0	1	1	2	1	2	3	0	0	0
CatchrsPad	1	38	0	5	0	0	0	1	0	1	1	0	2	1	0	0	2	1	3	2	1	0	8	0	0	0	0	0	0	0	1	0	0	0	1	3	1	0	0	2	0	0	0	0	0	0	2	2	0	0	0	1	2	3	1	2	5	0	2	5	1	3	1	0	2	1	1	1	0	0	1	0	0	1	2	0	0	0	0	0	0	4	0	0	0	0	0	0	0	2	1	0	0	0	2	0	0	0	0	0	0	0	1	0	0	1	2	0	7	5	2	1	0	1	2	2	0	0	0	1	0	0	0	1	1	0	0	2	2	0	0	1	0	0	1	1	1	1	1	0	0	1	1	4	0	3	1	1	1	3	0	1	3	2	0	0	1	2
CRUCIAL CHANGES	3	3	0	0	3	1	0	14	0	0	0	4	0	3	1	5	2	3	0	2	1	8	1	10	0	0	5	2	4	0	4	1	0	7	3	7	8	2	4	0	1	1	0	3	2	0	0	7	2	2	2	4	0	26	3	6	1	1	3	7	3	0	0	0	2	0	2	0	0	0	4	1	1	0	0	3	0	1	0	0	4	0	0	5	1	1	3	0	0	0	0	1	0	1	10	0	5	1	0	0	2	5	2	25	0	5	0	0	1	4	3	1	2	1	0	0	0	1	3	2	1	1	0	0	3	0	0	5	0	1	5	0	0	0	2	1	3	2	18	15	0	0	2	5	2	0	0	0	1	7	0	0	0	9	0	1	1	0
Dakota Prairie	4	0	1	1	0	0	1	2	0	0	0	0	0	0	1	0	1	1	0	0	2	1	1	0	2	1	2	2	2	0	2	0	0	4	0	3	0	2	0	2	0	0	0	0	0	0	2	3	0	1	0	1	5	0	0	0	0	0	0	0	1	9	1	0	0	0	0	1	0	11	0	0	0	0	0	0	2	0	1	0	0	0	1	0	0	0	1	0	0	0	0	0	0	1	1	4	0	0	2	0	1	0	4	2	0	1	0	1	0	0	0	0	0	2	0	0	0	0	0	0	0	1	0	0	1	1	11	0	0	0	1	4	0	1	2	0	0	3	0	0	0	0	1	0	0	0	1	0	0	4	0	0	10	1	0	0	0	0
finding jen's view	1	0	0	1	0	0	0	0	0	5	0	1	0	0	1	0	4	2	1	0	1	2	0	0	0	0	2	0	0	0	1	1	0	0	2	1	4	0	0	0	3	1	0	0	0	2	1	2	1	4	1	2	3	0	0	0	1	0	0	0	4	1	2	1	0	1	0	1	0	2	0	1	0	1	0	1	1	0	0	0	1	4	2	0	0	1	0	0	1	1	0	0	1	1	1	0	0	0	1	0	3	0	2	0	0	2	0	2	0	0	1	0	0	1	2	1	0	0	0	1	0	3	0	0	1	1	1	0	1	0	1	5	1	2	0	0	2	2	0	1	0	1	0	2	2	4	3	4	0	2	0	0	0	4	0	0	0	0
a desert fete	0	0	0	0	0	0	0	0	0	0	0	0	0	0	0	0	0	0	0	0	0	0	0	0	0	0	0	0	1	0	0	0	0	0	0	0	0	0	0	0	0	0	0	0	0	0	0	0	0	0	0	0	0	0	0	0	0	0	0	0	0	0	0	0	0	0	0	0	0	0	0	0	0	0	0	0	0	0	0	0	0	0	0	0	0	0	0	0	0	0	0	0	0	0	0	0	0	0	0	0	0	0	0	0	0	0	0	0	0	0	0	0	0	0	0	0	0	0	0	0	0	0	0	0	0	0	0	0	0	0	0	0	0	0	0	0	0	0	0	0	0	0	0	0	0	0	0	0	0	0	0	0	0	0	0	0	0	0
Inner Voice	0	1	0	2	0	0	0	2	0	2	0	0	1	0	0	0	0	0	0	0	1	0	0	0	1	0	0	0	0	0	1	0	0	1	1	0	0	0	0	1	0	2	0	0	0	0	0	0	0	0	0	0	2	0	0	0	0	1	0	0	0	2	1	2	0	0	0	0	1	0	0	0	0	0	0	0	1	0	0	1	0	1	1	0	0	0	0	0	0	0	1	0	0	0	2	0	0	0	0	0	0	0	0	0	0	0	1	1	0	0	0	1	0	0	1	1	0	0	0	0	0	0	0	0	1	0	0	1	2	0	1	0	0	0	0	0	0	2	0	0	0	1	0	0	0	0	0	0	0	2	1	0	0	0	0	0	0	0
aux.antipodes	1	0	0	0	5	0	0	1	0	0	0	0	0	5	0	0	0	0	0	0	0	0	0	0	0	0	2	0	0	0	0	0	12	0	0	0	1	0	0	1	0	0	0	0	0	1	0	0	0	0	0	0	0	0	1	0	0	0	0	1	0	0	0	0	1	0	0	0	0	0	8	1	0	0	0	1	0	0	0	0	1	7	0	2	0	0	0	0	0	0	0	1	0	0	0	0	0	1	0	0	0	0	0	0	0	3	0	0	1	0	0	1	23	0	0	1	0	0	0	0	0	0	0	0	0	0	0	0	0	4	0	0	0	0	4	0	0	0	6	0	0	0	0	0	0	2	1	0	0	0	0	0	0	0	0	0	0	0
[self-absorbed]	2	1	1	4	4	2	4	6	0	3	2	3	2	1	2	0	8	0	3	3	2	0	0	0	1	2	5	2	0	1	1	0	1	0	15	1	7	0	0	1	1	1	0	4	1	0	5	2	0	4	0	1	1	1	0	2	3	3	1	2	5	6	2	1	12	2	2	0	3	0	0	3	0	3	0	1	1	2	3	1	7	9	1	0	3	2	1	0	1	0	4	0	0	3	1	0	1	2	1	0	3	0	7	0	0	1	2	0	2	6	1	1	0	1	8	1	2	0	4	1	1	0	3	0	5	5	0	0	2	0	0	1	1	0	12	1	2	1	0	0	1	10	2	0	0	8	3	6	1	7	0	1	0	5	0	2	2	4
b i t l e y m u s i c	2	2	0	0	1	0	1	1	0	0	0	0	0	0	1	0	1	0	0	0	1	0	2	0	0	0	2	1	0	0	0	0	0	0	2	0	2	1	2	0	1	0	0	0	1	0	0	5	0	0	0	0	1	0	3	1	2	0	0	1	0	0	0	2	2	0	0	0	0	1	1	0	0	0	1	0	0	0	0	0	1	3	0	0	1	0	0	0	1	0	1	0	1	1	0	0	0	1	0	0	0	0	0	0	0	2	1	0	0	2	0	1	0	1	2	0	0	0	1	1	0	1	0	0	1	0	0	0	0	0	0	0	0	0	0	1	1	0	2	0	2	1	0	2	1	0	1	0	0	0	0	1	0	2	0	0	0	1
Three Peevys in a pod!	6	0	0	2	4	2	0	2	1	6	3	5	1	0	5	0	14	0	2	2	0	2	2	1	2	1	5	1	1	2	1	0	1	0	7	1	4	0	0	3	0	3	1	2	1	0	5	3	0	2	6	2	6	7	1	0	4	2	3	0	2	9	1	2	5	1	2	5	2	3	0	2	0	0	2	1	6	1	0	4	1	22	1	0	5	2	0	1	1	0	1	0	2	1	2	2	0	3	1	0	3	1	2	4	0	1	0	5	1	3	4	6	0	4	4	4	1	0	1	1	2	1	1	1	4	0	0	0	3	0	3	2	2	3	2	4	7	4	0	1	1	2	2	2	2	3	4	1	0	2	3	0	2	7	0	1	2	3
Home is where my He{Art} is	1	1	0	2	0	0	1	6	1	2	1	2	0	0	3	2	5	0	2	0	0	0	2	0	0	0	2	1	3	0	0	0	1	0	2	1	3	3	0	0	0	1	1	0	0	0	4	0	0	0	2	0	1	2	0	0	1	3	0	0	4	1	0	0	1	0	1	0	1	2	0	4	0	1	0	1	2	1	2	3	0	4	0	0	0	2	0	2	0	0	0	0	2	1	1	2	0	0	0	0	3	0	3	0	1	0	2	1	2	2	2	1	0	2	1	1	1	0	1	0	1	0	0	0	0	0	1	0	1	0	0	16	0	0	1	0	0	4	0	1	2	3	0	2	0	0	1	0	2	2	0	2	3	1	1	1	0	0
Zamina	2	1	0	1	0	0	1	0	0	3	0	0	0	1	0	2	2	0	0	0	0	0	0	0	0	0	1	0	1	0	2	0	0	1	3	0	2	0	0	0	0	0	0	0	1	0	3	0	0	1	2	1	0	0	0	0	0	0	0	2	1	3	0	0	1	0	0	0	0	0	0	0	0	0	0	0	0	0	0	0	0	2	0	0	1	1	0	0	0	0	0	0	1	1	0	2	0	0	0	0	0	0	0	1	0	2	0	3	0	1	0	1	0	0	0	0	2	2	0	0	0	0	0	0	0	6	0	0	1	0	0	1	0	0	0	0	0	0	0	0	0	0	0	2	1	0	1	0	0	0	0	1	0	1	0	0	1	0
MUNDO OCHENTAS	0	0	0	0	0	0	1	0	0	0	0	0	0	0	1	0	0	0	1	0	0	1	0	0	0	0	0	0	0	0	0	0	0	0	1	1	0	0	0	0	0	0	0	0	0	0	0	0	0	0	0	0	0	0	0	0	0	0	0	0	0	0	0	0	1	0	0	0	0	0	0	0	0	0	0	0	0	0	0	0	0	0	0	0	0	0	0	0	0	0	0	1	0	0	0	0	0	0	0	0	1	0	0	0	0	0	0	0	0	0	0	0	1	0	0	0	0	0	0	0	0	0	0	0	0	0	0	0	0	0	0	0	0	0	0	0	0	0	0	0	0	0	0	0	0	0	0	0	0	0	0	0	0	0	0	0	0	0
Blog They Were Making Me Write	4	1	0	0	2	1	0	2	0	2	1	1	1	0	2	1	2	1	0	0	0	0	0	0	0	3	4	5	0	2	1	0	2	0	2	4	5	0	0	0	0	0	0	2	1	0	3	2	0	0	3	0	3	0	0	2	2	0	3	0	0	6	0	0	1	0	0	0	0	0	0	0	0	2	0	0	1	2	0	1	1	4	2	0	2	0	0	0	0	0	0	0	0	1	0	1	1	3	2	0	2	0	3	1	0	1	0	0	0	0	2	2	0	3	1	8	0	1	1	0	0	0	2	2	1	0	0	5	1	0	0	0	0	0	4	2	3	0	0	0	0	1	0	1	0	0	2	2	0	1	0	3	0	2	0	0	1	0
David Polston Freelance LLC	0	1	0	0	0	0	0	4	0	0	0	0	0	1	3	0	0	0	1	1	0	2	1	1	1	0	0	0	1	0	3	0	1	0	0	0	2	0	0	0	0	1	0	0	1	8	1	0	3	2	0	1	0	0	1	0	1	0	1	0	1	1	3	0	2	0	0	0	0	0	0	0	0	0	0	0	5	1	1	0	0	0	1	0	0	0	0	1	3	2	5	1	2	0	3	1	1	0	2	1	1	0	1	1	0	4	1	2	1	0	0	0	0	2	0	1	1	1	0	0	1	0	1	2	1	0	1	0	0	0	0	2	0	0	3	0	1	4	0	0	0	0	0	0	1	0	0	2	0	0	0	1	0	1	0	1	0	1
Annie Hall	2	0	4	2	1	4	2	5	0	5	0	2	1	3	6	0	3	1	1	3	8	1	0	2	0	3	3	0	0	2	1	0	0	0	10	1	5	0	0	3	0	2	0	0	0	1	5	0	0	3	1	1	1	2	1	0	6	4	1	1	1	6	3	2	2	2	1	2	1	1	1	3	1	5	2	2	1	7	3	2	6	3	0	0	3	1	6	0	2	0	7	0	2	2	1	1	0	1	1	5	6	0	2	1	0	5	2	0	1	3	6	4	1	3	3	0	0	1	0	0	1	1	1	0	0	2	1	2	0	0	1	0	2	1	6	3	4	6	0	0	6	3	1	0	0	0	4	0	1	5	0	1	1	2	0	5	2	1
Waltz for Luma	1	16	0	0	0	0	0	0	0	0	0	0	0	0	0	0	0	0	0	0	0	0	0	0	0	0	0	0	1	0	1	0	0	0	0	7	0	0	24	0	0	0	0	0	2	0	0	0	0	0	0	0	0	0	0	0	0	0	0	0	0	0	0	0	0	0	0	0	0	0	1	0	0	0	0	1	0	0	0	0	0	0	0	2	0	1	0	0	0	0	0	0	0	0	0	0	0	0	0	0	0	1	0	0	0	2	0	0	0	0	0	0	0	0	0	0	0	0	0	1	0	0	1	0	0	0	0	0	0	0	0	0	0	0	1	0	0	0	0	0	0	1	0	1	0	0	0	1	0	0	0	0	0	0	0	0	0	0
Jumping at the Ground and Missing	2	0	2	4	2	0	1	10	1	11	2	1	0	2	1	0	6	0	2	2	1	3	0	0	1	2	2	2	0	0	2	2	2	0	2	2	4	1	0	1	3	2	0	0	3	0	4	1	0	1	12	0	0	2	0	0	4	0	2	2	0	9	1	2	9	0	0	4	1	1	0	2	0	1	1	0	3	0	0	1	1	5	2	1	4	0	0	0	2	3	1	0	1	0	0	3	0	0	1	0	6	1	1	0	0	3	0	8	0	2	9	1	0	4	6	3	0	1	0	1	0	0	0	0	0	2	1	1	3	2	1	4	0	0	6	2	0	1	0	0	2	2	2	2	2	6	4	2	2	0	1	0	0	2	0	1	2	2
The Fife's	2	0	0	1	2	0	0	0	2	0	0	3	0	0	2	0	1	5	0	1	0	0	0	0	0	0	0	0	3	0	1	0	0	0	0	1	2	0	0	0	0	2	0	1	0	0	0	4	1	3	0	0	1	0	0	0	2	0	0	0	1	1	3	0	0	1	0	0	2	0	0	1	3	0	1	2	1	2	1	0	0	1	0	0	0	2	1	0	0	0	0	0	1	0	3	2	0	2	0	0	1	1	0	1	0	0	1	6	1	0	0	2	0	1	0	0	0	0	1	0	1	0	2	0	1	0	0	0	1	0	1	2	0	1	0	1	0	3	1	0	1	0	2	0	0	0	1	0	0	1	0	0	4	0	1	1	0	0
NÃO TEMOS VERGONHA DE SERMOS TRANSGÉNEROS, TRANSEXUAIS, AMIG@S, COMPANHEIR@S OU SIMPATIZANTES!	0	0	0	0	0	0	0	0	0	0	0	0	0	72	0	1	0	0	0	0	0	0	0	0	0	5	1	0	1	0	0	0	0	0	0	0	0	0	0	0	0	0	0	0	0	0	0	0	0	0	0	0	0	0	0	0	0	0	0	0	0	0	0	0	0	0	0	0	0	0	2	0	0	0	0	0	0	0	0	0	0	0	0	0	0	0	0	0	0	0	0	0	0	0	0	0	0	0	0	0	0	0	0	0	0	0	0	0	0	0	0	0	0	0	0	0	0	0	0	0	0	0	0	0	0	0	0	0	0	99	0	0	0	0	5	0	0	0	1	0	0	0	0	0	0	0	0	0	0	0	0	0	0	0	0	0	0	0
North by East West	3	32	1	3	1	2	1	1	0	0	1	3	2	4	8	5	4	0	2	2	0	5	3	0	2	1	4	4	9	1	0	3	4	2	4	15	12	1	36	1	4	0	0	1	2	0	3	5	0	5	2	0	2	2	1	14	3	1	0	0	1	0	4	0	8	0	0	0	1	1	1	1	0	0	0	7	7	1	1	2	1	1	1	2	2	3	10	0	1	0	1	11	0	2	3	1	4	6	1	0	1	2	1	4	2	2	0	0	2	1	1	2	1	1	1	3	0	3	1	3	0	0	3	1	2	0	0	2	0	0	0	2	2	0	5	1	0	1	3	48	0	2	7	1	0	5	2	0	3	9	3	1	0	4	6	1	0	2
All that jazz...	1	1	0	1	0	0	0	2	0	1	0	0	1	0	0	0	1	0	0	0	0	0	1	0	0	0	0	0	0	0	0	0	0	0	3	1	1	0	0	0	1	0	0	0	0	0	0	1	0	0	0	0	0	0	0	0	0	0	1	1	0	1	0	0	0	0	0	0	0	0	0	1	0	0	1	0	1	0	1	0	0	0	0	0	0	0	0	0	0	0	0	0	0	0	1	0	0	0	0	0	0	0	0	0	0	0	0	0	0	1	0	1	0	0	0	0	0	1	0	0	0	1	0	0	0	0	0	0	1	0	0	0	1	0	0	0	0	0	0	0	0	1	0	0	1	0	0	0	0	1	1	0	0	0	0	1	1	1
The Rants of a dude that lacks blog-naming 5K1||z	0	0	0	0	0	0	0	0	0	1	0	1	0	1	2	0	1	0	0	1	0	0	0	0	0	0	1	0	1	0	0	0	2	0	0	0	1	0	0	1	0	1	0	0	0	0	0	0	0	0	0	0	0	1	0	1	0	0	1	1	0	0	0	1	0	0	0	0	0	0	0	0	0	1	0	0	3	0	0	0	0	2	0	0	0	0	0	0	0	0	0	0	0	0	1	1	0	0	0	0	0	0	0	0	0	0	0	0	0	0	0	0	4	1	0	1	2	0	0	0	0	0	0	0	0	0	0	2	0	2	0	1	1	0	1	0	0	0	0	0	1	1	0	0	0	1	0	0	0	0	0	0	0	3	0	0	1	0
A Girl of Many Colors	1	9	1	4	1	0	4	3	2	4	3	0	1	1	14	2	3	0	2	4	5	1	2	3	1	0	2	2	1	0	0	2	2	0	6	15	5	0	3	0	1	1	1	1	8	0	5	1	1	1	3	1	2	0	0	1	10	4	2	1	5	5	3	0	9	0	1	0	0	1	2	5	0	3	2	0	1	0	0	0	4	3	2	1	0	1	0	0	0	0	1	3	0	0	3	3	1	4	0	0	0	1	0	1	0	12	3	2	0	0	1	6	2	1	5	0	2	1	0	0	2	4	1	1	1	2	4	1	2	0	0	22	1	0	5	2	1	2	1	128	2	1	2	3	0	0	0	4	70	3	0	1	1	3	0	0	3	1
seriouslymere	0	3	2	1	0	2	2	3	0	1	2	1	2	0	3	0	3	0	0	1	2	0	4	1	0	1	1	1	0	0	1	0	0	0	3	4	4	2	1	0	0	1	1	0	1	0	4	2	0	1	5	1	0	1	0	1	2	2	1	0	1	4	0	1	3	0	0	0	0	1	0	1	1	0	0	0	0	1	0	1	0	4	0	0	2	0	0	0	0	0	1	0	3	1	1	2	0	2	1	0	0	2	0	0	0	0	0	2	2	0	0	3	0	2	4	1	0	0	0	1	2	1	0	0	3	0	0	0	0	0	1	1	1	0	0	0	1	0	0	0	0	0	2	3	1	0	4	0	0	2	0	1	1	0	0	1	0	0
The Justin and Kristina Hargrave Family	0	0	0	0	0	0	0	1	2	3	1	1	0	0	0	0	0	1	0	0	0	7	0	0	1	0	1	1	1	1	1	0	0	0	0	1	2	0	1	0	0	5	3	0	0	1	1	1	0	2	1	0	0	2	1	0	0	0	2	0	0	0	0	0	0	3	0	0	0	2	0	0	1	0	0	1	0	0	0	0	0	1	0	0	0	0	1	1	2	0	0	0	1	0	2	2	0	0	1	0	1	0	0	0	0	1	1	6	1	1	2	1	0	0	2	2	1	0	4	0	0	0	1	0	2	0	2	1	0	0	0	5	0	6	4	0	1	0	0	0	0	0	0	0	0	0	0	1	0	4	1	0	3	2	0	2	0	1
B a b y   F a v o r i t e	1	1	1	1	1	1	1	0	1	2	0	0	1	0	1	0	1	2	2	1	1	0	2	1	4	1	3	1	0	2	0	0	0	0	1	2	0	2	0	3	0	4	0	1	0	0	3	2	0	2	0	0	1	0	0	1	1	0	1	3	2	4	0	2	2	1	0	1	0	1	0	1	0	0	2	1	0	4	2	1	3	3	0	0	3	1	0	0	1	0	0	0	2	1	0	3	0	1	0	1	0	1	0	0	0	0	1	3	1	0	1	1	0	4	4	1	0	0	0	1	0	1	1	0	1	0	3	0	1	0	3	2	0	1	3	1	1	1	0	0	1	2	0	0	0	1	1	0	0	0	0	1	0	1	0	2	0	4
Kaleo's Music Boom Box: Your # 1 Source For Everything Music	1	115	4	3	2	2	4	4	0	0	0	0	1	4	41	9	11	0	3	3	0	0	13	0	4	5	1	1	7	1	2	0	5	1	8	9	9	2	223	6	0	1	1	2	6	0	2	4	2	2	2	2	0	0	1	62	7	4	0	2	3	4	1	0	5	0	0	1	2	1	2	4	0	0	5	2	0	1	2	3	5	3	0	1	1	9	0	0	4	0	5	3	11	3	4	0	5	12	4	0	3	2	1	0	2	2	1	2	7	5	4	4	5	0	6	5	0	1	0	0	15	0	3	0	0	0	0	3	1	8	0	1	4	0	2	12	2	1	8	1	1	8	3	0	2	4	0	1	1	3	3	1	0	6	6	1	2	2
Lucy Blues	2	1	2	1	0	2	3	7	0	0	2	3	1	0	4	1	8	0	4	0	2	2	1	0	1	2	1	1	2	0	0	1	0	0	2	4	4	1	0	0	0	1	0	1	1	2	16	2	1	2	3	1	4	0	1	1	2	2	0	3	0	3	2	0	4	1	1	2	0	5	2	2	0	3	0	1	3	1	2	0	1	4	0	0	1	4	0	0	0	0	1	2	0	2	1	10	2	1	1	0	3	0	8	1	2	1	0	0	5	2	0	2	0	5	5	3	3	4	2	0	1	1	4	1	4	0	2	1	1	1	0	1	1	2	6	3	1	0	0	0	0	3	0	3	2	1	4	1	1	6	2	4	1	10	0	4	0	3
Mortensen Baby Farm	5	1	1	0	2	2	1	1	3	1	2	3	2	0	6	0	4	3	1	1	0	6	1	0	3	2	2	1	3	2	2	0	0	2	5	3	7	1	1	0	3	4	0	1	1	2	3	14	0	1	0	0	2	0	0	0	6	2	0	0	2	4	0	0	6	4	0	0	2	2	0	5	0	0	10	1	3	5	0	1	1	3	0	0	1	2	0	0	0	1	0	2	3	1	5	9	0	4	0	5	2	8	0	0	0	2	0	4	2	2	0	1	2	5	4	0	2	0	0	0	0	0	1	0	3	2	3	1	3	0	2	6	1	2	4	2	4	8	0	0	0	0	1	1	0	6	4	2	0	8	4	1	5	5	0	3	1	3
Storyweavers Knapsack	4	1	0	0	0	2	0	6	2	5	2	0	1	0	1	1	5	0	0	0	0	0	0	0	2	4	1	1	1	1	0	0	0	0	5	1	1	0	0	0	3	0	3	0	0	0	0	3	1	1	0	1	5	3	0	0	0	0	1	1	1	2	2	1	2	0	0	0	1	1	0	1	0	6	0	0	1	0	1	1	1	0	5	0	3	2	2	1	0	1	0	0	0	3	1	0	0	3	0	1	2	2	1	2	0	3	0	4	0	3	0	1	2	3	2	2	0	0	3	0	0	3	4	0	1	2	0	1	0	0	0	7	0	1	1	0	3	6	0	0	1	5	3	2	0	4	1	0	1	7	0	0	3	3	0	1	2	1
MDS Images	2	0	0	1	1	0	0	5	0	0	0	5	0	1	0	5	0	2	0	0	3	1	9	1	0	1	18	4	1	3	1	0	3	2	1	1	19	0	4	0	6	0	1	2	0	35	12	1	4	21	3	11	1	2	0	0	0	0	1	2	1	3	0	1	1	0	0	0	11	2	0	1	0	5	0	7	2	0	0	0	0	0	1	0	1	1	2	1	0	9	0	1	0	0	2	12	0	2	6	0	3	1	11	2	4	12	0	1	2	4	0	0	3	1	1	13	0	5	0	10	10	3	1	2	7	3	0	0	0	1	0	4	0	3	2	1	1	1	0	0	0	0	6	1	1	0	5	3	1	5	0	1	2	7	0	1	0	0
night is half gone...	4	0	0	4	0	0	0	4	1	13	0	0	0	1	5	0	4	2	0	2	0	1	0	0	0	1	4	0	1	2	1	0	0	0	2	0	4	0	0	8	0	0	0	0	1	0	15	0	0	3	1	3	0	0	8	0	5	0	4	22	3	6	0	0	4	2	1	2	1	1	1	5	3	0	0	0	0	0	0	0	3	11	2	1	2	1	1	0	0	0	1	0	0	1	0	2	0	2	1	0	1	0	2	1	0	3	0	2	2	1	8	1	2	2	2	2	0	0	1	0	1	0	2	0	1	0	0	2	1	0	2	0	0	3	3	1	7	1	0	0	0	0	1	0	0	0	1	1	0	1	1	0	20	0	0	4	1	1
Falling Back	2	1	2	2	2	2	0	2	2	1	0	0	0	0	1	1	7	0	1	1	0	0	2	2	1	0	0	0	0	1	0	0	0	0	0	1	2	2	0	0	0	1	1	1	1	0	4	3	0	1	0	1	1	1	0	0	2	0	0	2	0	1	0	1	2	0	3	2	0	0	0	3	0	0	2	0	0	0	0	4	1	2	0	0	1	0	0	1	0	0	1	0	1	1	0	1	0	3	0	1	0	0	0	0	0	2	0	1	2	1	0	3	0	0	1	3	2	0	0	2	0	0	3	1	1	0	0	0	0	0	1	5	0	0	0	1	1	3	0	2	0	0	1	1	0	4	3	0	0	1	2	1	2	3	0	3	1	2
A Sliver of Me	2	0	1	4	0	1	1	1	0	1	0	1	3	0	2	0	1	1	0	0	1	0	3	0	0	0	0	0	3	0	0	0	0	0	0	0	0	0	0	0	0	0	0	0	0	0	5	6	1	0	1	0	0	0	0	0	2	0	2	0	2	4	0	0	2	1	1	2	1	3	1	1	0	2	0	0	2	0	0	0	3	0	0	0	0	1	3	3	0	0	0	0	0	2	1	2	0	1	1	1	0	0	5	0	0	0	0	1	0	0	0	7	0	4	0	2	1	0	0	3	1	0	1	0	1	0	1	1	1	0	0	0	4	0	0	1	2	0	0	0	0	1	2	1	0	3	1	1	1	7	1	2	0	1	2	2	0	1
The Primms	0	0	0	0	0	3	1	1	3	1	0	1	0	0	1	1	2	2	0	0	0	0	0	0	1	0	1	0	3	1	3	0	0	1	1	0	0	0	1	0	2	0	3	1	0	1	2	1	0	2	1	0	0	0	0	0	2	0	0	1	1	0	0	0	0	5	0	1	0	0	0	0	0	2	0	2	1	0	2	1	0	1	0	0	0	0	6	0	0	1	0	0	1	0	4	2	0	2	0	1	1	1	0	1	0	0	0	2	2	4	0	2	1	1	1	0	5	0	0	1	0	0	1	0	0	0	0	0	1	0	1	9	0	0	1	1	0	2	0	0	1	2	3	0	0	0	1	1	1	2	0	2	4	1	0	2	0	1
www.djvaggelis.gr	0	0	0	0	0	0	0	1	0	0	0	0	0	0	0	0	0	0	0	0	0	2	0	0	0	0	0	0	0	0	0	0	1	0	0	5	0	0	0	0	0	0	0	0	0	0	0	0	0	0	0	0	0	0	1	5	0	0	0	0	0	0	0	0	0	0	0	0	0	0	0	0	0	0	0	2	0	0	0	0	0	0	0	0	0	0	0	0	0	0	0	0	1	0	0	0	0	0	0	0	0	0	0	0	0	0	0	0	0	0	0	0	0	0	0	0	0	0	0	0	0	0	0	0	0	0	0	0	0	0	0	0	0	0	0	0	0	0	0	0	0	0	0	0	1	0	0	0	0	0	0	0	0	0	0	1	0	0
The Poet You Never Were	0	0	0	0	0	0	0	0	0	0	0	0	0	0	0	0	0	0	0	0	0	0	0	0	0	0	0	0	0	0	0	0	0	0	0	0	0	0	0	0	0	0	0	0	0	0	0	0	0	0	0	0	0	0	0	0	0	0	0	0	0	0	0	0	0	0	0	0	0	0	0	0	0	0	0	0	0	0	0	0	0	0	0	0	0	0	0	0	0	0	0	0	0	0	0	0	0	0	0	0	0	0	0	0	0	0	0	0	0	0	0	0	0	0	0	0	0	0	0	0	0	0	0	0	0	0	0	0	0	0	0	0	0	0	0	0	0	0	0	0	0	0	0	0	0	0	0	0	0	0	0	0	0	0	0	0	0	0
BB'R666	1	1	0	1	0	1	0	2	0	0	0	0	1	4	1	0	2	2	0	1	1	4	5	0	1	0	4	1	5	0	3	0	17	1	1	4	0	0	0	0	0	1	0	1	1	0	0	6	0	0	2	1	1	0	2	5	0	0	0	1	0	0	1	0	5	0	0	0	0	2	2	0	0	0	1	2	0	1	0	0	0	5	1	8	2	0	0	0	0	0	5	1	3	0	2	2	9	0	1	0	0	0	0	1	0	3	0	0	0	0	0	0	6	0	2	0	0	2	0	1	2	0	0	0	2	1	0	0	0	1	0	0	0	0	2	1	0	0	9	0	2	0	0	0	2	0	0	0	0	5	0	0	0	0	0	0	7	0
Proskynesis	0	3	0	0	124	0	0	0	0	0	0	1	0	3	2	1	0	0	0	0	0	0	0	0	0	1	0	0	0	0	0	0	1	0	0	0	0	0	0	0	0	0	0	0	0	0	0	124	0	0	0	0	0	0	2	3	2	0	1	0	1	2	0	0	0	0	0	0	0	0	0	4	0	0	0	1	0	0	0	0	122	3	0	0	0	0	0	0	0	0	0	2	0	0	0	0	4	0	0	0	0	1	1	0	0	121	0	0	1	3	0	0	1	1	1	1	0	0	0	0	0	1	0	0	0	0	0	0	0	0	0	0	1	0	2	0	1	2	3	0	0	0	0	0	0	0	1	0	0	0	1	1	0	0	0	0	4	0
Mancillas Family	9	0	0	0	4	0	2	0	0	1	0	3	0	0	1	0	2	0	0	1	1	1	0	0	0	1	0	1	1	2	1	0	0	0	1	1	7	1	0	1	2	2	0	0	0	0	2	7	2	2	0	0	1	1	0	0	2	0	3	1	3	3	1	2	1	1	0	4	0	4	0	1	1	0	0	1	0	0	3	0	2	2	0	0	0	1	11	2	0	0	2	0	1	1	4	1	0	0	0	1	1	0	1	0	0	0	0	0	0	3	2	0	0	1	2	1	1	0	2	1	0	2	0	1	2	0	0	0	3	0	0	3	1	6	3	0	3	4	0	1	1	4	6	5	0	1	0	4	1	3	2	0	5	2	0	2	2	1
welcometohell	3	0	0	2	0	1	1	2	0	1	0	0	0	0	0	1	1	0	0	1	0	1	0	0	0	0	0	3	1	0	1	0	1	0	0	1	1	0	0	2	0	0	0	2	1	0	0	1	0	0	0	0	0	0	0	1	2	0	1	0	0	3	1	4	3	0	0	0	1	1	0	1	0	1	2	2	0	0	0	1	0	2	0	0	2	1	2	0	0	1	1	0	0	0	1	0	1	2	0	0	0	0	0	1	0	1	0	1	4	0	0	0	0	2	1	1	0	1	0	0	1	2	1	0	1	0	0	0	0	0	1	1	1	0	0	0	0	0	0	0	1	2	1	1	0	0	3	0	1	2	0	0	0	4	1	3	0	2
Let's Put the Kettle On	12	3	0	13	2	0	0	6	0	3	3	3	2	0	8	0	9	0	4	1	2	0	7	0	3	5	6	8	2	0	5	2	1	0	2	5	9	5	1	0	3	2	1	4	1	1	2	27	6	4	5	4	6	2	0	0	1	5	1	3	1	4	4	3	2	3	0	0	0	4	0	3	0	3	0	0	13	1	3	0	3	4	1	0	1	2	3	0	2	2	0	1	2	1	3	9	0	4	4	1	7	0	0	4	0	3	3	0	4	4	0	2	1	4	7	0	2	0	0	0	1	5	1	4	8	5	0	4	0	0	3	9	2	1	5	3	3	4	0	6	0	15	4	1	2	3	34	5	11	8	0	1	6	3	0	2	0	2
♥Vodka	0	0	0	0	0	0	0	0	0	0	0	3	0	1	1	0	0	0	0	0	0	0	0	0	0	0	1	0	1	0	0	0	0	0	0	0	0	0	0	0	0	0	0	0	0	0	0	0	0	0	1	0	0	0	0	0	0	0	0	0	3	0	0	0	0	0	2	0	1	0	0	0	1	0	0	0	0	0	0	0	0	1	0	0	0	0	0	0	0	0	0	0	0	0	3	0	0	0	0	0	1	0	0	0	0	3	0	0	0	1	0	0	0	0	0	0	0	0	0	0	0	0	0	0	0	0	0	0	0	0	0	1	0	0	3	0	0	2	0	0	0	1	0	0	0	2	0	0	2	0	0	0	0	0	0	0	0	0
Momentary Enjambments	0	0	0	1	0	2	0	0	0	0	0	0	0	0	2	0	0	1	1	0	0	0	0	0	0	0	1	0	0	1	0	1	0	1	2	0	1	0	0	0	0	1	0	0	0	0	2	2	0	0	1	0	0	1	0	0	3	0	0	0	0	3	1	0	0	2	0	0	0	1	0	1	0	1	0	0	1	0	1	1	0	2	0	0	2	0	0	0	1	0	0	0	0	0	1	3	0	0	1	0	0	0	0	0	0	0	0	0	0	0	0	0	0	0	3	1	1	0	0	0	0	0	0	1	0	0	1	0	0	0	0	1	0	0	1	0	0	2	0	0	0	0	0	0	0	1	1	0	0	0	0	0	0	1	0	0	0	1
Jared Heal	0	0	0	0	0	1	0	0	3	0	0	0	0	0	0	1	0	0	0	0	0	5	1	0	0	0	0	0	7	0	1	1	0	2	0	0	0	0	1	0	0	4	4	0	0	0	0	1	0	1	0	0	0	2	0	0	0	0	0	0	0	0	0	1	1	3	0	2	0	0	0	1	2	0	0	4	0	0	1	0	0	0	0	0	0	0	2	0	2	0	0	0	1	0	2	0	0	0	0	0	1	1	1	0	0	2	0	6	0	0	0	0	0	0	0	0	2	0	0	0	0	0	0	0	1	0	1	0	0	0	0	3	0	1	0	0	0	9	0	1	0	0	1	0	0	0	0	1	0	0	0	0	0	0	4	0	0	0
On the Scratch Line	1	0	1	0	0	0	0	1	0	0	0	0	0	6	2	2	3	0	3	0	1	1	0	0	0	4	1	0	1	1	1	0	12	0	1	1	2	0	0	1	0	0	0	1	0	0	2	1	0	0	2	0	0	3	3	0	5	0	0	1	1	1	0	0	0	2	0	0	0	1	2	2	0	0	0	0	0	0	0	0	2	2	1	2	1	0	2	1	0	2	0	0	0	0	1	0	2	2	1	1	3	0	3	0	0	2	0	0	0	1	1	1	2	2	2	0	0	0	0	0	0	0	0	3	4	2	0	0	1	0	0	0	0	0	3	1	2	0	0	0	1	1	8	0	0	0	1	0	3	0	2	1	0	0	0	0	1	1
My Thoughts Exactly	3	0	1	0	1	0	2	2	0	2	1	2	2	0	3	0	1	0	2	2	3	0	1	0	1	1	2	2	0	2	0	0	0	0	4	2	6	1	0	1	0	1	0	0	0	0	1	2	0	2	5	2	3	0	0	2	7	2	1	3	1	5	1	0	6	0	0	1	0	2	0	3	0	1	0	0	2	3	0	2	5	1	0	1	0	1	5	1	0	1	1	0	0	1	2	1	1	1	1	0	3	0	1	0	2	0	0	0	3	4	0	1	0	2	2	7	2	1	1	0	2	0	1	0	1	0	0	1	2	1	0	0	1	0	2	0	2	1	0	0	0	1	0	0	1	3	2	5	1	6	1	2	0	6	0	1	1	0
Wings on the floor.	0	0	1	1	1	0	0	2	0	2	0	0	1	0	0	0	0	1	0	0	0	0	0	0	0	2	0	0	0	0	0	0	0	0	0	1	0	0	0	1	0	0	0	0	0	0	1	1	0	2	0	0	0	0	0	0	0	0	1	0	1	0	0	0	0	0	0	0	0	0	0	1	0	1	0	0	0	1	1	1	0	0	0	0	1	1	0	0	1	0	2	0	0	0	0	0	0	0	1	0	0	0	1	0	0	0	0	0	0	1	0	0	0	2	0	0	0	0	0	0	0	0	0	1	0	0	0	0	0	0	1	2	0	0	0	0	3	1	0	0	0	0	1	0	0	0	0	0	1	0	0	0	0	0	0	2	1	1
Grandma's Grumblings	3	0	0	0	0	0	1	2	0	0	1	0	0	0	0	0	0	0	1	0	0	0	0	0	0	4	0	0	1	0	1	0	1	0	1	1	0	0	0	0	1	2	0	1	0	0	0	0	0	0	0	0	0	2	0	0	0	0	2	0	2	0	0	0	0	0	0	0	0	0	0	3	0	0	0	0	1	0	0	0	4	1	0	0	0	1	0	1	0	0	0	0	0	0	0	0	2	0	1	0	2	0	0	0	0	1	1	1	0	3	0	0	0	0	1	0	2	1	0	0	2	0	0	0	0	0	0	7	1	0	0	1	0	0	8	0	0	5	0	0	0	2	3	1	0	0	1	0	1	0	0	0	1	1	0	0	0	1
Plethora	0	1	0	0	0	0	0	0	1	0	0	0	0	0	0	0	0	2	0	0	1	0	0	0	0	0	0	0	1	1	0	0	0	0	1	0	1	0	0	0	0	15	0	0	73	0	0	1	0	1	0	1	0	0	0	0	0	0	0	0	0	0	0	0	0	0	0	0	1	0	1	1	1	0	0	0	0	0	0	0	0	0	0	0	0	0	1	0	0	0	0	0	0	0	0	0	0	0	0	0	0	0	1	0	0	0	0	0	0	0	0	0	0	1	0	6	0	0	0	0	0	1	0	0	0	0	1	76	1	0	0	0	0	0	1	0	0	0	0	0	0	0	90	0	0	1	75	0	0	0	0	0	0	0	1	1	0	0
The Woolfpack Six	2	0	0	0	1	2	0	1	2	0	1	0	0	0	1	2	1	0	2	2	0	2	0	1	0	0	1	1	7	0	3	0	0	4	2	0	2	1	0	1	0	2	4	0	0	0	2	2	0	1	1	0	0	0	0	0	0	0	0	0	3	1	0	0	0	2	0	0	1	0	0	1	1	0	2	0	0	0	6	0	0	0	0	0	0	0	6	1	2	0	1	0	2	0	1	1	0	0	0	2	1	2	0	0	0	0	0	12	1	3	0	1	0	0	0	1	6	0	2	2	0	0	0	1	1	0	4	0	0	0	1	2	0	4	2	0	0	4	0	0	2	0	0	1	0	0	2	2	0	0	0	0	1	4	2	3	0	0
Viváine Rebouças	0	0	0	0	0	0	0	0	0	0	0	1	0	5	0	0	0	0	0	0	0	0	1	0	0	0	0	1	0	0	0	0	0	0	0	1	0	0	0	0	0	0	0	1	0	0	0	0	0	0	0	0	0	0	1	0	0	0	0	0	0	0	0	0	0	0	0	0	0	0	5	3	0	0	0	0	0	0	0	0	0	1	0	2	0	0	0	0	0	0	2	0	0	0	0	0	1	0	0	0	0	0	0	0	0	0	1	0	0	0	0	2	1	0	0	0	0	0	0	0	0	1	0	0	0	0	0	0	0	5	0	0	0	0	0	0	0	0	2	0	0	0	0	0	0	0	0	0	1	0	0	0	0	0	0	0	0	0
WHY	0	1	0	2	1	0	1	2	0	0	0	0	0	0	1	0	0	0	0	0	1	0	0	0	0	3	0	0	0	0	0	0	1	1	1	2	1	0	0	1	0	0	0	0	0	0	0	0	0	1	0	0	1	0	0	0	1	0	0	1	0	0	0	0	1	0	0	0	0	0	1	1	0	0	0	0	1	0	2	0	1	0	0	1	1	0	0	0	0	0	0	0	0	0	0	0	2	0	0	0	1	0	1	0	0	0	1	0	0	1	2	0	0	1	0	0	0	0	0	0	0	0	1	0	0	0	0	0	0	1	0	0	6	0	1	2	0	0	1	0	0	0	0	0	0	0	0	0	0	1	0	0	0	0	0	0	3	1
Undivided Heart	1	0	1	3	1	0	1	3	0	3	0	0	0	0	2	0	0	0	2	0	0	0	0	2	0	0	2	0	0	1	0	0	0	1	2	0	1	2	0	1	2	0	0	0	0	0	1	0	0	1	0	0	1	0	0	0	3	4	0	0	1	1	0	0	5	1	2	0	0	0	0	2	0	0	0	1	0	0	1	1	0	0	0	1	0	0	0	0	0	0	0	0	0	0	0	1	0	0	0	0	1	0	1	1	0	1	1	1	0	0	0	5	0	0	1	3	0	0	0	0	0	3	0	1	0	1	1	1	0	0	0	0	0	0	0	1	0	1	0	0	0	1	0	2	0	0	2	3	0	0	3	0	0	5	0	0	0	1
Music Liberation	0	4	0	0	1	0	0	0	0	0	0	0	0	0	0	0	0	0	0	0	1	0	0	0	0	0	0	0	0	0	0	0	0	0	0	0	0	0	2	0	0	0	0	0	0	0	0	0	0	0	0	0	0	0	0	0	0	0	0	0	0	0	0	0	0	0	0	0	0	0	0	0	0	0	0	0	0	0	0	0	1	0	0	0	0	0	0	0	0	0	0	0	0	0	0	0	1	0	0	0	0	0	0	0	0	0	0	0	0	0	0	0	0	0	0	0	0	0	0	0	0	1	0	0	0	0	0	0	0	0	0	0	0	0	0	1	0	0	0	2	0	0	0	0	0	0	0	0	0	0	0	0	0	1	0	0	0	0
The Southams	2	0	0	2	0	0	1	3	1	1	0	1	0	0	1	2	2	0	0	0	0	0	1	0	0	0	2	1	0	0	0	1	0	0	0	0	0	0	0	0	0	0	0	0	0	0	0	1	0	0	0	0	0	4	0	0	1	0	0	0	1	0	1	0	0	0	0	3	2	0	0	2	4	0	0	0	6	1	0	0	1	1	0	0	1	0	0	1	0	0	0	0	0	0	3	0	0	1	0	0	0	0	0	1	0	0	1	7	1	0	0	2	0	1	2	1	0	0	0	0	0	0	1	0	5	0	0	0	0	0	0	6	0	0	1	0	0	4	0	0	1	1	0	1	0	1	3	1	0	0	1	0	1	1	4	1	0	1
Life Is Buzzin With Half A Dozen!	4	0	0	0	0	1	0	1	2	0	0	1	0	0	1	0	1	2	1	0	0	0	0	1	0	0	0	0	3	0	2	0	0	0	1	1	0	0	0	0	1	2	0	0	1	0	0	3	0	0	1	0	0	0	0	0	2	0	0	0	2	0	0	0	0	3	0	5	0	0	1	1	1	0	0	0	2	0	1	2	0	1	0	0	0	0	1	0	0	0	0	0	1	0	3	2	0	0	0	2	1	1	0	0	2	1	2	4	0	2	0	0	0	0	0	0	0	0	0	0	1	0	0	0	0	1	2	0	1	1	0	1	0	3	1	0	0	7	0	0	2	1	0	1	0	1	2	0	0	0	0	0	5	0	1	0	0	0
Lucky S.Michaels	0	0	1	0	0	0	0	0	0	0	0	1	2	0	0	0	0	0	0	0	0	0	2	0	0	0	0	0	0	0	0	0	0	0	2	1	0	0	1	1	0	0	0	0	0	0	0	0	2	0	1	0	0	0	0	0	0	0	0	0	1	0	0	0	0	1	0	0	0	1	0	0	0	0	0	0	0	0	0	0	0	0	0	0	1	0	0	0	0	0	0	0	2	0	0	1	0	0	0	0	0	0	0	0	0	0	0	0	0	1	0	0	0	0	1	1	0	0	0	0	0	0	0	0	0	0	0	0	0	1	0	0	0	0	2	0	0	0	0	0	0	1	0	1	0	0	0	2	0	5	0	0	1	0	0	0	0	0
I Do Not Think That They Will Sing To Me	0	0	0	5	3	1	0	3	0	0	0	2	2	1	3	1	1	1	2	2	0	3	4	0	4	0	5	0	1	0	1	0	2	0	4	2	2	1	0	2	0	3	1	0	0	0	2	4	0	4	0	0	5	0	0	1	2	5	2	0	2	9	6	2	1	0	0	0	2	0	1	1	1	3	0	0	3	2	0	0	4	2	1	1	1	1	0	0	0	0	1	1	1	2	1	0	0	4	1	0	5	1	0	1	0	3	1	0	1	6	2	0	1	3	5	1	0	0	2	1	0	0	0	0	1	1	1	0	1	0	0	0	2	1	3	3	0	2	0	0	2	2	5	0	0	1	3	3	0	2	2	1	1	4	0	3	1	0
Breathe A Little Deeper...	0	0	0	0	0	0	0	0	0	0	0	0	0	0	0	0	0	0	0	0	0	0	0	0	0	0	0	0	0	0	1	0	0	0	0	0	0	0	0	0	0	0	0	0	0	1	0	1	0	0	2	0	0	0	0	0	0	0	0	0	0	1	0	0	0	0	0	0	0	0	0	0	0	0	0	0	0	0	0	0	0	1	0	0	0	0	0	0	0	0	0	0	0	0	2	0	0	0	0	0	0	0	0	0	0	1	0	0	0	1	1	0	0	0	0	0	0	0	0	0	0	0	1	0	0	0	0	0	0	1	0	0	0	0	0	0	0	0	0	0	1	0	2	0	0	0	0	0	0	1	0	0	0	1	0	0	0	0
Evans Est. 1997	0	4	0	0	1	1	0	0	0	1	0	1	0	1	2	0	1	3	0	0	0	0	0	1	0	1	1	0	0	0	0	0	0	0	1	0	3	0	0	3	0	1	0	2	1	0	1	2	0	0	0	0	0	0	0	0	0	0	2	0	1	0	2	0	0	0	0	1	0	2	1	0	0	3	1	1	1	0	0	1	0	0	0	0	1	0	1	0	0	0	1	0	1	1	2	1	0	1	0	0	1	0	1	0	0	0	0	1	0	1	1	2	0	2	0	1	2	1	1	0	0	0	2	0	0	0	4	0	1	0	0	1	1	2	0	0	0	0	0	0	1	0	0	3	0	0	0	0	0	0	0	1	1	0	0	0	0	1
The Life and Times of the Hartman Family	0	0	0	0	3	1	0	0	1	1	0	0	0	0	0	0	0	2	0	0	0	0	1	0	0	0	2	0	2	1	0	1	0	1	0	1	2	1	0	0	0	0	1	0	0	0	0	4	0	1	0	0	0	0	0	0	0	0	0	0	2	1	0	0	0	3	0	0	0	1	0	0	2	1	2	3	0	0	0	0	0	1	0	0	0	0	1	0	0	0	0	1	2	0	5	4	0	0	0	0	0	2	0	1	0	0	0	1	0	0	0	0	0	1	1	0	0	0	0	0	0	0	0	0	0	0	0	0	0	0	2	5	1	0	0	0	0	3	0	0	0	0	0	0	0	0	0	0	0	0	1	0	7	1	0	0	0	0
Providence Public Library Computer Classes	0	0	0	2	0	0	1	3	0	0	2	0	1	0	0	0	2	0	0	0	0	0	1	0	0	0	3	1	0	0	0	0	0	0	2	2	0	0	1	0	0	0	0	0	0	0	3	4	0	0	0	1	2	0	0	0	0	0	0	2	0	3	0	0	8	0	0	0	0	1	1	0	0	2	0	0	0	0	2	0	0	1	0	0	2	0	0	0	0	0	0	0	0	1	1	0	0	1	0	0	1	0	0	0	0	0	0	0	0	1	0	2	0	3	2	0	0	0	2	0	2	0	1	1	0	0	0	0	0	0	0	0	0	0	2	1	0	0	2	0	1	0	0	0	0	0	3	1	1	4	0	1	1	0	0	1	1	1
..... Christian Poet's Pen	0	0	0	0	0	0	0	0	0	0	0	0	0	0	1	0	0	0	0	0	0	0	0	0	0	0	0	0	0	0	0	0	0	0	1	1	0	0	0	0	0	0	2	0	0	0	0	0	0	0	0	0	1	0	0	0	1	0	0	0	0	0	0	0	0	0	0	0	0	0	1	1	0	0	0	0	0	0	0	0	0	0	0	0	1	0	0	0	0	0	0	0	0	0	0	1	0	0	0	0	0	1	0	0	0	0	0	0	0	1	0	0	0	0	1	0	0	0	0	0	0	0	0	0	0	0	0	0	0	0	0	4	0	0	0	0	0	0	0	0	0	1	0	0	0	0	0	0	0	0	0	0	1	0	0	0	0	0
CINEMUERTE	0	2	0	0	0	2	0	1	0	0	0	0	0	46	0	0	0	1	0	0	0	0	3	0	1	4	0	4	2	0	1	0	3	0	0	3	0	1	1	0	0	0	0	0	0	0	0	1	0	5	0	0	0	0	6	1	0	3	1	2	0	0	1	0	2	1	1	0	0	0	7	0	0	1	0	2	0	0	0	0	1	5	0	0	0	0	0	0	0	0	0	9	1	0	1	0	2	1	0	0	0	0	0	3	0	0	0	0	1	1	0	11	0	2	0	0	0	0	0	0	1	0	0	0	0	0	0	0	0	7	0	0	0	0	11	0	4	0	5	0	1	1	0	0	2	0	0	0	0	0	0	0	1	3	1	0	1	2
Awaiting a Miracle	3	0	3	3	1	0	1	7	1	3	0	3	0	3	3	4	5	1	1	3	1	3	0	1	6	2	0	3	0	1	1	1	0	2	13	4	6	2	0	2	1	0	1	2	2	0	4	7	0	0	1	4	1	1	1	1	2	1	1	1	4	3	0	2	3	1	1	0	1	4	0	4	1	1	3	0	0	8	0	0	5	0	0	0	1	1	1	1	2	2	5	1	5	2	5	7	0	2	2	1	5	2	2	1	0	2	0	5	2	4	0	3	0	4	5	2	0	2	1	2	1	11	2	3	1	4	1	0	2	0	1	3	3	2	2	3	4	7	0	0	0	3	3	0	1	3	8	1	0	1	6	1	10	4	0	3	4	2
HARMONY GRACE ELOHIM	4	0	0	0	0	0	1	3	0	0	0	0	0	0	9	0	1	0	0	0	0	1	3	0	0	1	0	1	0	1	0	1	0	1	3	1	0	0	1	0	1	1	0	1	0	0	3	1	0	1	0	1	0	0	0	1	0	1	2	3	2	2	0	1	0	0	0	0	0	0	0	2	0	0	0	0	3	0	1	1	0	1	0	1	0	1	0	1	0	0	1	1	0	0	1	0	0	0	0	0	1	0	0	0	0	0	0	0	1	0	1	1	0	0	1	1	0	0	0	0	1	5	2	0	0	0	1	0	0	0	3	0	1	0	2	0	1	2	0	0	0	0	1	0	1	0	2	1	0	0	1	0	1	0	0	0	0	1
MiSs Dreamer	2	0	1	1	0	1	2	1	0	1	1	0	1	0	6	0	0	0	3	0	1	0	0	0	1	3	1	0	0	0	0	0	0	0	2	0	0	1	0	0	0	1	0	0	0	0	0	1	0	1	0	0	0	0	0	2	1	1	0	0	0	3	0	0	0	0	0	0	0	0	0	1	0	0	0	0	0	2	0	1	2	0	0	0	0	0	0	0	0	0	0	0	1	0	1	0	0	0	0	1	0	0	0	0	0	1	0	0	0	1	0	3	0	0	1	0	0	0	0	0	0	0	0	0	0	0	0	0	0	0	0	0	0	0	4	0	0	3	0	0	2	0	0	0	0	0	2	1	0	1	1	0	0	1	0	1	0	0
Electric Mud	0	4	0	0	0	0	0	2	0	1	0	0	1	2	6	10	0	1	2	1	0	1	4	0	1	0	1	1	1	0	0	2	0	0	4	7	6	4	3	0	4	5	1	2	2	0	0	2	0	1	0	4	3	0	3	7	2	0	0	0	3	1	0	2	2	0	0	1	0	2	1	0	3	1	1	0	1	1	0	1	5	1	2	2	0	2	1	0	0	1	7	10	0	2	3	0	18	3	1	1	1	0	0	1	0	0	0	0	3	2	0	1	2	0	0	1	0	2	2	2	0	3	2	0	0	2	1	1	1	1	1	1	1	1	3	1	1	0	4	2	0	1	0	0	1	0	0	1	1	6	2	2	1	6	0	2	2	0
F-Measure	0	1	1	0	0	1	2	0	0	0	0	1	2	0	3	0	1	0	2	1	1	0	2	0	0	2	3	0	0	0	0	2	0	0	1	1	2	1	0	1	0	0	0	0	95	2	0	0	0	4	0	0	1	0	1	3	0	0	0	1	1	2	2	0	3	0	0	0	1	1	1	0	0	0	0	0	0	0	2	0	0	3	0	2	0	4	0	0	2	0	0	2	6	0	0	1	2	1	0	0	1	0	1	2	0	0	0	0	1	1	0	2	0	2	1	0	2	2	0	1	0	2	2	0	5	0	0	0	0	2	0	0	0	0	3	2	1	0	1	93	0	1	0	0	0	0	0	0	0	1	0	1	2	5	0	3	0	1
McPherson Marathon	2	1	0	1	0	1	0	3	5	5	2	1	0	0	3	2	3	1	0	0	0	2	2	2	2	0	0	0	6	1	7	0	0	0	2	1	2	0	0	0	2	4	3	0	0	5	1	5	1	1	0	2	0	3	0	0	1	0	0	1	3	1	0	1	2	11	0	8	0	1	0	2	0	0	0	4	3	0	5	1	0	0	0	0	0	1	5	3	0	1	0	0	4	0	10	2	0	0	0	0	0	1	1	5	2	0	0	20	4	3	2	2	0	2	4	3	2	2	9	0	0	0	0	0	8	1	3	0	0	2	2	10	0	7	0	1	2	11	0	1	0	2	8	2	0	1	3	1	0	3	0	0	8	4	2	0	1	0
Oxygen	0	1	0	0	0	0	0	1	0	2	1	1	0	1	0	0	0	0	0	1	2	0	2	0	0	0	0	1	0	1	0	0	0	0	0	0	0	1	0	0	0	0	0	2	1	0	2	3	0	0	0	0	1	0	1	0	0	0	0	0	0	1	0	0	1	0	0	0	0	0	0	2	0	1	0	0	0	0	0	0	1	2	0	0	0	0	0	0	0	0	1	0	0	0	1	2	0	0	1	0	1	0	1	0	0	1	0	0	0	4	0	0	0	0	1	1	1	0	1	0	2	1	0	0	1	0	0	0	0	0	0	0	0	0	2	0	0	1	0	0	0	0	0	0	3	0	0	1	0	1	0	0	1	1	0	0	2	1
The Gridley Times	2	0	0	1	1	1	0	1	0	0	0	0	1	0	1	1	1	0	0	1	1	0	0	1	0	2	0	1	0	0	0	0	1	0	4	0	2	0	0	1	0	2	0	0	0	0	2	3	0	0	1	0	3	0	0	1	3	1	1	1	0	3	1	0	1	1	0	0	2	1	0	1	0	0	0	0	1	2	0	2	0	0	0	0	0	0	0	2	0	0	0	0	1	0	0	2	0	0	0	0	0	0	0	0	0	0	2	2	2	0	0	4	0	3	3	3	1	0	1	0	0	0	1	0	0	0	0	0	2	0	0	0	1	0	0	0	1	0	0	1	0	3	0	1	0	0	0	1	0	3	0	0	1	1	1	7	1	2
Babs' Blog and the NEW Kelly Report!	0	0	0	0	0	0	0	0	2	0	0	2	0	0	0	1	0	0	1	2	0	1	2	0	5	0	1	0	0	1	0	2	0	0	0	0	1	0	0	0	1	4	6	1	0	1	2	0	1	3	1	0	0	2	0	0	1	0	0	1	1	1	1	0	0	4	0	0	0	2	0	0	4	0	3	3	0	0	5	1	0	0	1	0	0	0	1	1	0	0	0	0	1	0	5	2	0	0	0	2	0	0	0	0	2	0	0	7	3	0	2	0	0	0	0	0	1	0	0	0	1	0	1	0	0	0	0	0	0	0	1	4	0	2	0	0	0	3	0	0	0	0	0	0	0	0	1	0	0	0	0	0	3	1	0	0	0	1
By Dezign	0	0	0	0	0	1	0	1	1	2	1	0	1	0	0	0	2	0	0	0	0	0	1	0	0	0	1	1	0	0	4	0	1	1	0	0	1	0	0	0	0	2	2	0	1	0	3	0	0	0	6	0	1	0	0	0	1	1	1	0	1	0	0	0	1	0	0	0	0	1	0	0	0	0	0	2	0	0	0	0	0	3	0	0	0	1	1	2	2	0	0	0	0	0	1	2	2	1	0	0	0	1	3	0	0	0	1	0	0	1	0	1	0	1	0	1	0	0	0	0	0	0	1	0	3	0	0	0	0	0	0	1	0	0	0	1	1	3	0	0	0	2	4	2	0	3	0	1	2	0	0	1	0	4	0	0	0	0
BONBON'S BLOG	0	3	1	1	1	0	0	1	0	0	1	3	0	1	2	2	3	0	0	4	0	2	0	2	0	3	1	1	2	0	2	0	5	0	2	0	5	0	0	0	0	0	0	3	2	0	0	0	0	1	1	1	0	0	1	0	1	2	1	2	2	1	0	2	0	0	0	0	3	2	4	5	1	3	1	1	1	0	0	0	0	0	0	2	0	2	1	3	0	0	0	0	0	2	7	1	0	2	0	0	2	0	1	1	1	0	0	0	0	4	0	1	1	3	3	1	1	2	1	2	2	0	1	0	0	0	0	1	2	0	0	2	0	1	6	0	0	0	1	0	1	2	7	0	0	0	1	0	1	0	0	0	0	7	0	0	0	0
Payton Family	12	0	0	1	2	0	1	0	4	0	1	3	0	6	1	3	0	1	2	1	1	0	0	0	0	0	0	0	9	0	4	0	0	2	1	2	2	0	0	0	17	0	0	1	0	0	5	0	2	0	4	0	0	2	2	0	2	0	6	1	2	1	2	0	0	6	2	3	0	1	0	0	0	2	0	0	3	0	0	0	0	6	0	0	0	2	1	3	0	2	0	0	0	0	1	1	1	1	0	0	24	0	4	1	0	3	1	1	3	23	0	1	0	1	0	0	1	0	1	1	0	1	1	0	0	0	0	6	1	0	1	5	1	3	6	0	1	7	2	0	0	0	1	8	0	1	1	1	0	1	0	0	1	0	0	2	1	1
That's What I Was Going To Say	3	3	1	2	5	1	2	1	0	3	1	3	2	0	1	1	4	4	3	2	1	1	0	9	2	1	2	1	1	1	2	0	1	0	14	30	4	0	1	5	10	0	2	3	1	0	1	4	0	4	2	0	1	4	2	3	2	0	2	8	2	8	3	0	4	0	3	0	1	2	0	5	2	1	0	1	3	1	1	3	2	2	1	0	0	1	6	1	0	75	0	7	0	0	5	0	1	1	0	0	5	0	5	0	0	7	0	0	0	6	0	3	0	0	0	2	0	0	0	0	0	0	3	0	2	0	0	2	1	1	2	3	2	1	2	0	2	2	2	0	0	6	166	1	0	1	3	2	2	4	0	1	3	4	0	3	4	1
Blogging Is For Lovers	2	0	2	3	3	1	2	3	1	4	1	2	0	3	17	0	1	3	2	1	3	2	1	4	1	2	4	0	0	2	3	0	0	1	5	3	4	0	2	3	0	4	0	2	0	1	8	7	2	2	6	1	3	2	0	1	2	3	1	0	2	6	7	1	8	1	2	0	0	1	2	2	1	1	1	0	5	0	0	2	1	12	2	0	0	1	6	0	1	3	1	0	4	1	1	2	1	2	1	3	1	2	3	0	0	0	2	5	2	3	0	7	3	3	4	3	0	1	0	1	1	0	1	3	2	2	0	0	1	1	0	0	3	3	6	3	2	4	1	1	3	4	2	3	0	3	2	5	3	3	1	3	2	2	0	2	3	1
douce	0	3	3	1	0	0	0	0	0	2	1	1	0	1	4	1	4	0	2	4	0	1	4	0	0	2	1	0	1	0	0	0	3	0	0	2	2	0	0	3	0	0	0	0	0	0	2	2	0	4	2	2	1	10	9	0	8	1	2	1	2	1	2	0	4	2	0	0	0	0	1	0	0	1	0	0	4	0	1	2	2	5	0	0	0	1	0	0	1	1	2	0	0	0	0	0	1	3	4	0	1	0	1	0	0	0	6	2	3	2	0	4	0	1	1	2	2	0	0	3	0	1	2	1	0	0	1	4	1	7	1	1	1	1	5	2	4	0	1	0	0	4	1	1	0	0	0	0	0	1	0	1	1	3	0	0	0	2
Blissfully Enamored	2	0	5	1	1	1	0	3	0	1	2	1	0	0	0	0	7	0	0	0	1	0	0	1	0	1	2	0	0	1	2	0	0	1	2	0	2	1	0	1	0	0	0	1	0	0	1	4	1	1	1	1	0	1	0	0	1	1	0	0	1	1	2	1	3	1	5	0	0	1	0	2	0	1	0	1	3	0	1	0	2	1	0	0	0	0	3	1	0	0	0	1	0	0	1	1	0	2	0	2	2	0	2	0	0	0	4	0	1	1	1	2	2	1	0	0	0	1	0	1	0	0	2	0	6	2	0	0	2	1	0	5	0	0	0	0	0	1	0	1	0	0	2	1	0	4	0	0	7	0	1	0	0	2	0	0	3	1
adelaide & louisa	0	0	0	0	1	0	0	2	2	1	0	24	0	0	3	0	2	0	0	0	0	2	0	3	2	0	0	1	1	1	3	0	0	4	0	3	5	0	0	0	1	4	1	0	0	2	1	1	3	2	0	0	0	0	0	0	2	0	0	0	4	1	2	0	0	1	0	1	0	1	1	1	2	0	2	1	0	0	0	1	0	3	3	0	1	0	1	0	0	2	1	0	14	0	14	9	0	1	10	0	0	2	2	2	5	1	1	4	11	0	0	1	0	1	5	0	2	2	0	0	1	0	2	1	2	2	5	0	0	0	0	4	0	3	1	1	3	3	0	0	2	0	1	0	0	5	3	3	2	1	2	0	7	1	0	2	1	0
The Whisper Space	2	2	0	4	0	0	0	7	5	0	1	1	0	1	4	0	0	1	0	0	1	6	0	3	0	2	6	0	5	0	1	1	2	3	2	2	0	1	0	0	0	0	4	1	0	2	0	1	0	3	0	1	0	3	0	0	0	1	2	0	5	2	1	0	1	5	0	0	0	1	1	2	0	0	0	0	1	0	2	0	0	2	1	0	0	0	4	0	0	6	0	0	2	0	2	2	1	0	7	0	2	5	3	1	1	2	0	1	3	3	0	2	0	1	0	1	0	2	1	2	2	0	0	2	1	0	1	0	0	1	3	9	0	9	0	0	0	2	0	0	0	0	5	3	0	3	1	0	4	0	7	0	12	0	9	1	2	0
Profound And Secular Stuff	0	1	0	0	0	0	0	0	1	4	0	1	0	0	0	1	1	0	1	0	0	0	1	0	0	0	1	1	0	0	2	0	1	0	1	2	0	0	0	0	1	0	0	0	0	0	1	0	0	0	0	1	1	0	0	0	0	0	1	1	1	0	1	0	0	0	0	1	2	0	0	1	0	0	0	0	1	0	0	0	0	1	2	0	1	0	2	2	1	2	0	0	0	0	0	1	0	0	0	0	1	0	0	1	0	2	0	0	0	2	0	0	0	0	1	1	0	1	1	0	0	0	0	0	2	0	0	0	1	0	0	1	0	0	0	0	0	1	0	0	0	0	1	0	0	2	0	0	1	1	1	0	1	0	0	0	0	0
dSaint's Education...	2	0	1	4	0	1	2	3	0	1	0	1	1	0	3	7	1	2	0	0	2	0	2	0	2	3	3	0	1	0	8	0	1	0	1	1	3	0	0	1	0	1	0	0	0	0	0	1	1	3	5	1	0	0	0	0	1	0	0	1	0	1	1	1	3	0	0	0	2	0	1	1	1	0	0	1	0	0	0	0	0	4	0	6	0	0	1	1	0	0	3	0	2	0	4	1	0	1	1	1	2	1	3	1	0	0	0	1	1	1	4	3	0	0	1	1	1	0	0	0	0	1	0	0	3	1	0	0	0	5	1	1	4	9	1	1	1	6	1	3	0	2	1	2	2	1	3	0	0	0	0	0	1	1	0	0	1	1
rendezvous	2	1	1	2	3	0	2	4	0	5	1	2	0	0	9	0	7	0	4	1	7	1	1	1	0	4	2	1	2	0	2	1	4	2	5	3	6	0	0	3	0	4	0	1	1	1	5	3	0	3	3	1	0	0	3	0	3	3	0	2	8	5	1	0	8	0	0	0	6	1	0	3	1	6	3	0	2	0	1	0	3	5	0	1	4	1	2	3	0	0	1	0	1	1	3	2	1	0	0	0	2	1	6	0	1	0	1	0	2	4	3	4	0	3	3	2	1	0	0	1	1	0	2	0	2	2	0	0	1	0	1	5	4	3	2	4	2	0	1	0	1	3	1	0	0	5	7	3	4	4	1	3	0	6	0	1	1	5
Log in 2 Lane	4	0	1	0	0	3	0	3	0	0	0	0	0	1	1	3	1	1	1	1	3	0	1	0	0	2	0	0	0	1	0	0	0	1	1	2	1	0	0	0	0	1	0	0	0	0	2	0	0	1	0	0	0	0	0	0	6	1	0	0	4	2	2	1	2	2	0	0	0	0	1	2	0	0	0	1	0	1	2	2	0	4	0	0	3	2	0	2	0	0	1	1	1	0	1	0	0	0	0	0	0	0	0	0	0	0	0	1	0	1	0	1	0	3	0	3	0	2	0	0	0	0	0	0	1	1	0	0	1	0	0	1	0	0	0	0	1	1	1	0	0	1	1	3	0	1	1	1	0	3	0	0	1	1	0	0	0	2
