1204
74
725
240
388
850
51
239
235
513
510
222
103
62
604
662
339
283
110
12
10
284
494
18
45
152
83
80
46
46
3642
47
285
453
671
221
307
12
171
247
223
91
337
336
306
123
44
36
213
422
163
541
528
520
506
492
385
78
472
444
417
397
394
383
382
377
369
367
359
353
346
341
339
335
332
331
326
318
312
297
288
286
271
258
241
240
240
236
233
228
221
211
202
188
181
178
166
149
122
119
117
107
95
94
93
88
88
87
68
59
50
41
34
15
24
397
397
526
433
532
444
129
94
75
34
655
117
100
62
59
58
31
88
272
55
18
88
95
95
206
170
148
145
71
47
178
702
703
695
683
680
664
666
642
627
634
547
178
158
142
140
140
115
110
90
76
68
47
38
342
63
96
476
1202
453
315
150
137
618
243
222
490
243
1318
1230
1230
1228
340
331
136
976
422
606
89
83
47
33
20
901
187
107
147
261
567
599
431
559
410
135
709
67
172
44
3540
3540
1779
374
248
112
32
39
327
322
141
313
327
502
268
407
319
213
223
227
620
1035
293
187
451
4014
883
969
475
5
5
460
4786
30
163
160
158
159
158
158
157
156
154
152
150
148
148
146
145
144
144
142
142
143
141
138
138
138
137
136
137
136
134
132
132
132
131
121
118
118
117
117
115
114
113
109
109
107
105
103
100
99
98
98
97
95
95
93
90
89
88
88
82
79
78
78
72
68
66
67
65
65
64
63
63
62
61
58
56
55
55
53
49
47
46
43
42
40
41
39
38
37
36
35
32
32
31
27
27
26
25
25
24
24
23
22
23
23
18
13
12
13
13
12
11
11
10
10
9
9
9
42
4785
4785
41
81
81
5913
489
5
249
247
248
246
244
244
244
243
243
242
243
242
242
240
240
240
239
239
237
235
234
235
235
233
233
233
228
221
212
211
211
212
211
211
209
208
207
207
206
205
202
203
203
203
202
194
194
193
192
192
191
191
191
189
189
188
188
187
187
187
187
187
186
186
185
184
183
183
183
180
181
180
178
179
179
179
178
177
177
177
177
177
176
176
176
176
174
175
174
172
172
171
171
170
170
167
167
167
166
166
165
164
163
162
162
160
158
158
157
157
157
155
155
154
153
151
151
151
151
149
149
148
146
146
145
145
145
143
141
139
137
137
137
136
136
136
136
135
135
134
133
132
132
132
131
131
130
130
129
127
127
126
125
125
125
124
124
123
123
123
121
120
121
121
120
118
117
117
116
116
115
114
113
111
111
110
110
109
108
108
108
108
106
106
104
103
103
102
101
102
101
100
100
99
97
96
94
95
94
93
93
92
92
91
90
90
89
89
89
88
87
87
86
86
85
85
82
80
79
79
76
76
74
74
74
73
73
73
72
71
72
71
70
70
69
68
67
67
67
66
66
65
64
65
64
62
61
60
60
60
59
59
57
56
55
56
53
53
52
51
50
51
50
47
47
45
44
44
43
43
42
41
42
40
40
39
38
38
38
38
37
37
37
36
35
34
32
33
32
32
31
30
31
30
30
29
27
26
25
25
24
24
24
24
22
22
21
20
19
18
18
18
17
17
16
16
12
10
9
8
905
193
240
533
506
139
937
164
691
58
319
290
5
229
606
290
5362
333
176
11
26
123
746
159
5
5
857
159
342
523
335
531
5
5094
363
342
218
454
3375
304
352
501
502
88
367
301
249
726
475
19
293
388
437
352
143
198
5
11
450
45
389
214
214
1484
206
334
569
785
136
586
717
688
146
577
564
818
139
561
452
348
443
704
358
817
459
138
138
175
817
201
54
227
354
340
256
11
146
99
1276
857
40
51
52
1279
306
300
6170
391
300
379
75
209
72
34
31
264
43
855
309
211
52
205
305
74
238
198
83
1011
338
2013
2013
2013
2013
2013
2013
2013
2013
2013
2013
2013
2013
2013
2013
356
223
206
49
49
627
146
146
158
207
157
227
53
221
12
312
5
124
334
334
5
332
5
5
332
332
5
5
5
5
5
320
320
320
296
5
290
248
243
236
235
232
5
227
221
217
193
191
5
5
181
5
180
178
178
175
5
169
166
166
149
137
5
110
105
86
62
5
5
48
33
688
508
171
5
5
44
5
5
239
217
5
5
5
15
5
5
5
5
5
5
13
5
302
47
5
5
306
5
219
5
129
88
88
850
966
966
966
966
966
966
966
966
966
966
966
966
966
966
966
966
966
966
966
966
966
966
966
966
966
966
966
966
966
966
966
966
966
966
966
966
966
966
1010
797
891
891
891
891
891
