4652.97312818
3444.54560754
3414.62730164
3400.67203169
3389.95858228
3381.16440101
3373.82386719
3367.21743327
3361.47597257
3356.87267707
3353.17006145
3349.91959467
3346.50445159
3342.7712176
3339.40810563
3336.18749192
3333.36565585
3331.08631674
3328.61026323
3326.17361035
3323.78500387
3321.22819411
3318.49250313
3315.69908383
3312.6086601
3309.26638909
3305.75947077
3302.29216809
3298.74957052
3295.19449667
3291.815478
3288.95965779
3286.11763062
3283.54487867
3281.2166054
3279.15760563
3277.20984653
3275.35728663
3273.44230762
3271.73667048
3270.01520471
3268.50170187
3267.07414959
3265.63691071
3264.18440046
3262.76691915
3261.51713336
3260.32089414
3259.26541528
3258.34744806
3257.40575722
3256.4426332
3255.57616937
3254.58979819
3253.56265378
3252.36826796
3251.06628649
3249.80678307
3248.57941193
3247.43634434
3246.32730461
3245.2078261
3244.22825496
3243.28404653
3242.22707054
3241.13521344
3239.93160408
3238.62004028
3237.28240704
3235.92647302
3234.52085483
3233.20005118
3231.89420911
3230.81633658
3229.80314621
3228.70925146
3227.59782686
3226.46072314
3225.38817305
3224.3636674
3223.38892093
3222.5284968
3221.63050878
3220.67993006
3219.77012171
3218.81533141
3217.79355282
3216.62299197
3215.46620878
3214.49279535
3213.4924339
3212.46917948
3211.40397312
3210.3524907
3209.28388818
3208.25258432
3207.26251653
3206.30297143
3205.37549009
3204.59350932
3203.80442945
3203.0451728
3202.25031254
3201.49270221
3200.81545163
3200.12176743
3199.31593576
3198.46898733
3197.61467205
3196.68991049
3195.75838424
3194.86055892
3193.94900304
3192.99211729
3192.08826043
3191.22663291
3190.30946002
3189.46708317
3188.72712052
3188.01598725
3187.20110648
3186.40735792
3185.62078163
3184.82698809
3184.01073388
3183.20102776
3182.45091721
3181.57524889
3180.68021674
3179.74876761
3178.86189047
3178.1074881
3177.3274539
3176.49131957
3175.68902688
3174.95331594
3174.25102647
3173.5521054
3172.82284795
3172.11385592
3171.37773358
3170.57934866
3169.83269526
3169.18172732
3168.52213221
3167.91064094
3167.22692835
3166.40703475
3165.58521134
3164.70843471
3163.92435141
3163.19300348
3162.47192079
3161.83928221
3161.243654
3160.64148572
3160.21633699
3159.86376582
3159.52913493
3159.24317861
3158.83178846
3158.35804978
3157.91175895
3157.40433565
3156.86932602
3156.33381637
3155.97404657
3155.62494362
3155.37246129
3155.19932712
3155.03096929
3154.83522848
3154.53390332
3154.18893389
3153.83183962
3153.40276254
3152.87435414
3152.31510187
3151.72852708
3151.10411497
3150.42107894
3149.79862346
3149.18989797
3148.65977191
3148.24907891
3147.79067567
3147.31040033
3146.86283412
3146.56378567
3146.39510759
3146.22896275
3146.02762133
3145.84238365
3145.6153811
3145.38227964
3145.22641677
3145.1172334
3144.9217065
3144.73765168
3144.58522027
3144.46017571
3144.2623508
3144.04046316
3143.88649814
3143.71472507
3143.49451935
3143.34495222
3143.21195249
3143.06595497
3142.86768577
3142.58333632
3142.22109297
3141.83157384
3141.44090212
3141.0104233
3140.65442177
3140.2682764
3139.837984
3139.37174459
3139.06353911
3138.78474898
3138.47854924
3138.10137388
3137.70469671
3137.32400673
3136.88169703
3136.41553364
3135.93689569
3135.48084958
3135.06273169
3134.66999331
3134.29178732
3133.9323377
3133.5619928
3133.16872034
3132.78158592
3132.39549534
3132.07350417
3131.75044192
3131.43851118
3131.11586757
3130.86995683
3130.63571349
3130.45459785
3130.3275778
3130.23509093
3130.13331005
3130.03621585
3129.9068499
3129.81537448
3129.77058799
3129.74265487
3129.77570722
